0.08
0.11
0.15
0.19
0.15
0.17
0.15
0.19
0.18
0.19
0.21
0.25
0.21
0.24
0.20
0.21
0.21
0.22
0.21
0.27
0.30
0.34
0.25
0.30
0.28
0.33
0.36
0.35
0.35
0.36
0.36
0.35
0.37
0.40
0.45
0.43
0.36
0.39
0.35
0.40
0.43
0.47
0.40
0.43
0.43
0.49
0.47
0.50
0.47
0.52
0.52
0.40
0.44
0.48
0.53
0.53
0.50
0.47
0.41
0.49
0.52
0.57
0.60
0.57
0.56
0.60
0.56
0.58
0.58
0.58
0.61
0.59
0.56
0.58
0.55
0.65
0.60
0.67
0.54
0.57
0.57
0.61
0.68
0.60
0.65
0.66
0.70
0.66
0.60
0.67
0.67
0.74
0.73
0.75
0.71
0.71
0.65
0.67
0.63
0.65
