9.47
2.77
2.30
2.23
2.23
2.20
2.17
2.17
2.13
2.14
2.12
2.07
2.06
2.06
2.05
2.12
2.03
2.02
1.98
1.93
1.89
1.83
1.87
1.85
1.77
1.68
1.61
1.61
1.57
1.56
1.55
1.53
1.53
1.45
1.42
1.46
1.49
1.50
1.48
1.40
1.37
1.39
1.50
1.42
1.39
1.29
1.32
1.32
1.34
1.26
1.25
1.38
1.29
1.25
1.17
1.20
1.20
1.27
1.42
1.30
1.25
1.07
1.01
1.09
1.01
1.04
1.09
1.04
1.07
1.04
1.01
1.10
1.12
1.08
1.03
0.91
0.93
0.91
1.10
1.09
0.98
0.93
0.84
0.93
0.90
0.86
0.81
0.86
0.93
0.87
0.82
0.73
0.69
0.70
0.74
0.72
0.77
0.90
0.91
0.86
