0.08
0.12
0.15
0.17
0.21
0.27
0.30
0.32
0.33
0.38
0.41
0.43
0.42
0.47
0.48
0.51
0.53
0.59
0.60
0.61
0.62
0.67
0.68
0.63
0.68
0.71
0.73
0.74
0.76
0.75
0.77
0.79
0.79
0.81
0.81
0.78
0.82
0.82
0.83
0.83
0.85
0.83
0.85
0.85
0.88
0.86
0.87
0.84
0.87
0.88
0.88
0.89
0.88
0.91
0.86
0.91
0.93
0.93
0.89
0.89
0.92
0.91
0.89
0.93
0.92
0.90
0.86
0.86
0.91
0.91
0.89
0.95
0.94
0.94
0.93
0.96
0.92
0.94
0.93
0.94
0.93
0.96
0.95
0.95
0.92
0.94
0.93
0.93
0.95
0.95
0.94
0.96
0.94
0.95
0.95
0.96
0.97
0.95
0.97
0.97
