9.03
3.27
2.61
2.48
2.39
2.22
2.11
2.08
2.00
1.86
1.71
1.71
1.67
1.53
1.48
1.45
1.40
1.26
1.26
1.23
1.06
0.99
0.99
1.08
0.95
0.89
0.83
0.79
0.74
0.77
0.67
0.65
0.64
0.60
0.57
0.61
0.54
0.55
0.51
0.52
0.47
0.56
0.47
0.45
0.39
0.40
0.43
0.56
0.39
0.38
0.37
0.36
0.37
0.32
0.39
0.31
0.28
0.27
0.31
0.33
0.29
0.26
0.29
0.24
0.23
0.29
0.45
0.44
0.29
0.26
0.30
0.19
0.21
0.19
0.20
0.15
0.21
0.18
0.21
0.20
0.18
0.18
0.16
0.14
0.19
0.18
0.21
0.20
0.16
0.16
0.15
0.12
0.15
0.13
0.12
0.10
0.08
0.14
0.10
0.09
