0.14
0.32
0.48
0.59
0.67
0.74
0.76
0.78
0.83
0.86
0.84
0.84
0.86
0.84
0.88
0.89
0.90
0.94
0.93
0.94
0.91
0.93
0.93
0.94
0.93
0.94
0.95
0.97
0.97
0.95
0.95
0.94
0.97
0.96
0.97
0.98
0.96
0.97
0.97
0.97
0.97
0.96
0.95
0.96
0.95
0.95
0.96
0.94
0.97
0.96
0.96
0.97
0.96
0.97
0.98
0.97
0.97
0.97
0.98
0.99
0.98
0.96
0.97
0.96
0.97
0.96
0.96
0.97
0.96
0.98
0.96
0.97
0.98
0.97
0.97
0.98
0.98
0.96
0.97
0.97
0.97
0.98
0.98
0.97
0.98
0.98
0.98
0.97
0.98
0.97
0.95
0.97
0.98
0.98
0.99
0.97
0.97
0.98
0.98
0.98
