2.92
2.20
1.66
1.30
1.02
0.80
0.76
0.71
0.58
0.45
0.51
0.52
0.48
0.52
0.35
0.34
0.31
0.20
0.20
0.24
0.32
0.25
0.24
0.22
0.24
0.21
0.15
0.11
0.12
0.16
0.19
0.21
0.14
0.15
0.13
0.09
0.16
0.12
0.09
0.14
0.11
0.15
0.23
0.16
0.17
0.17
0.18
0.26
0.12
0.13
0.14
0.18
0.15
0.10
0.10
0.11
0.13
0.11
0.08
0.06
0.08
0.17
0.13
0.12
0.12
0.16
0.14
0.15
0.19
0.08
0.13
0.09
0.10
0.13
0.12
0.08
0.10
0.13
0.10
0.11
0.12
0.08
0.07
0.10
0.06
0.06
0.07
0.09
0.09
0.15
0.16
0.13
0.06
0.06
0.06
0.10
0.11
0.12
0.06
0.07
